% -------------------------------------------------------------------------
%
% File: young_diagrams.m
%
% Description :
% Auxiliary values related to Young diagrams and representation theory of
% the special unitary group SU(d) and symmetric group S_n.
%
% -------------------------------------------------------------------------

num_young_diagrams{1} = 1;

depth{1}{1} = 1;
dim{1}{1} = 1;
mult{1}{1} = (d+(0)) / 1;
perm{1}{1} = [1.00000000000000];
X{1}{1}{1} = [1.0];

num_young_diagrams{2} = 2;

depth{2}{1} = 1;
dim{2}{1} = 1;
mult{2}{1} = (d+(0)) * (d+(1)) / 2;
perm{2}{1} = [1.00000000000000];
X{2}{1}{1} = [1.0];

depth{2}{2} = 2;
dim{2}{2} = 1;
mult{2}{2} = (d+(0)) * (d+(-1)) / 2;
perm{2}{2} = [-1.00000000000000];
X{2}{1}{2} = [1.0];

num_young_diagrams{3} = 3;

depth{3}{1} = 1;
dim{3}{1} = 1;
mult{3}{1} = (d+(0)) * (d+(1)) * (d+(2)) / 6;
perm{3}{1} = [1.00000000000000];
X{3}{1}{1} = [1.0];
X{3}{2}{1} = [0.0];

depth{3}{2} = 2;
dim{3}{2} = 2;
mult{3}{2} = (d+(0)) * (d+(1)) * (d+(-1)) / 3;
perm{3}{2} = [-0.500000000000000, -0.866025403784439; 0.866025403784439, -0.500000000000000];
X{3}{1}{2} = [1.0, 0.0];
X{3}{2}{2} = [0.0, 1.0];

depth{3}{3} = 3;
dim{3}{3} = 1;
mult{3}{3} = (d+(0)) * (d+(-1)) * (d+(-2)) / 6;
perm{3}{3} = [1.00000000000000];
X{3}{1}{3} = [0.0];
X{3}{2}{3} = [1.0];

num_young_diagrams{4} = 5;

depth{4}{1} = 1;
dim{4}{1} = 1;
mult{4}{1} = (d+(0)) * (d+(1)) * (d+(2)) * (d+(3)) / 24;
perm{4}{1} = [1.00000000000000];
X{4}{1}{1} = [1.0];
X{4}{2}{1} = [0.0; 0.0];
X{4}{3}{1} = [0.0];

depth{4}{2} = 2;
dim{4}{2} = 3;
mult{4}{2} = (d+(0)) * (d+(1)) * (d+(2)) * (d+(-1)) / 8;
perm{4}{2} = [-0.333333333333333, -0.471404520791032, -0.816496580927726; 0.942809041582063, -0.166666666666667, -0.288675134594813; 0.000000000000000, 0.866025403784439, -0.500000000000000];
X{4}{1}{2} = [1.0, 0.0, 0.0];
X{4}{2}{2} = [0.0, 1.0, 0.0; 0.0, 0.0, 1.0];
X{4}{3}{2} = [0.0, 0.0, 0.0];

depth{4}{3} = 2;
dim{4}{3} = 2;
mult{4}{3} = (d+(0)) * (d+(1)) * (d+(-1)) * (d+(0)) / 12;
perm{4}{3} = [-0.500000000000000, -0.866025403784439; -0.866025403784439, 0.500000000000000];
X{4}{1}{3} = [0.0, 0.0];
X{4}{2}{3} = [1.0, 0.0; 0.0, 1.0];
X{4}{3}{3} = [0.0, 0.0];

depth{4}{4} = 3;
dim{4}{4} = 3;
mult{4}{4} = (d+(0)) * (d+(1)) * (d+(-1)) * (d+(-2)) / 8;
perm{4}{4} = [0.500000000000000, 0.866025403784439, 0.000000000000000; -0.288675134594813, 0.166666666666667, 0.942809041582063; 0.816496580927726, -0.471404520791032, 0.333333333333333];
X{4}{1}{4} = [0.0, 0.0, 0.0];
X{4}{2}{4} = [1.0, 0.0, 0.0; 0.0, 1.0, 0.0];
X{4}{3}{4} = [0.0, 0.0, 1.0];

depth{4}{5} = 4;
dim{4}{5} = 1;
mult{4}{5} = (d+(0)) * (d+(-1)) * (d+(-2)) * (d+(-3)) / 24;
perm{4}{5} = [-1.00000000000000];
X{4}{1}{5} = [0.0];
X{4}{2}{5} = [0.0; 0.0];
X{4}{3}{5} = [1.0];

num_young_diagrams{5} = 7;

depth{5}{1} = 1;
dim{5}{1} = 1;
mult{5}{1} = (d+(0)) * (d+(1)) * (d+(2)) * (d+(3)) * (d+(4)) / 120;
perm{5}{1} = [1.00000000000000];
X{5}{1}{1} = [1.0];
X{5}{2}{1} = [0.0; 0.0; 0.0];
X{5}{3}{1} = [0.0; 0.0];
X{5}{4}{1} = [0.0; 0.0; 0.0];
X{5}{5}{1} = [0.0];

depth{5}{2} = 2;
dim{5}{2} = 4;
mult{5}{2} = (d+(0)) * (d+(1)) * (d+(2)) * (d+(3)) * (d+(-1)) / 30;
perm{5}{2} = [-0.250000000000000, -0.322748612183951, -0.456435464587638, -0.790569415042095; 0.968245836551854, -0.0833333333333333, -0.117851130197758, -0.204124145231931; 0.000000000000000, 0.942809041582063, -0.166666666666667, -0.288675134594813; 0.000000000000000, 0.000000000000000, 0.866025403784439, -0.500000000000000];
X{5}{1}{2} = [1.0, 0.0, 0.0, 0.0];
X{5}{2}{2} = [0.0, 1.0, 0.0, 0.0; 0.0, 0.0, 1.0, 0.0; 0.0, 0.0, 0.0, 1.0];
X{5}{3}{2} = [0.0, 0.0, 0.0, 0.0; 0.0, 0.0, 0.0, 0.0];
X{5}{4}{2} = [0.0, 0.0, 0.0, 0.0; 0.0, 0.0, 0.0, 0.0; 0.0, 0.0, 0.0, 0.0];
X{5}{5}{2} = [0.0, 0.0, 0.0, 0.0];

depth{5}{3} = 2;
dim{5}{3} = 5;
mult{5}{3} = (d+(0)) * (d+(1)) * (d+(2)) * (d+(-1)) * (d+(0)) / 24;
perm{5}{3} = [-0.333333333333333, -0.471404520791032, -0.816496580927726, 0.000000000000000, 0.000000000000000; -0.471404520791032, 0.0833333333333333, 0.144337567297406, -0.433012701892219, -0.750000000000000; 0.000000000000000, -0.433012701892219, 0.250000000000000, -0.750000000000000, 0.433012701892219; 0.816496580927726, -0.144337567297406, -0.250000000000000, -0.250000000000000, -0.433012701892219; 0.000000000000000, 0.750000000000000, -0.433012701892219, -0.433012701892219, 0.250000000000000];
X{5}{1}{3} = [0.0, 0.0, 0.0, 0.0, 0.0];
X{5}{2}{3} = [1.0, 0.0, 0.0, 0.0, 0.0; 0.0, 1.0, 0.0, 0.0, 0.0; 0.0, 0.0, 1.0, 0.0, 0.0];
X{5}{3}{3} = [0.0, 0.0, 0.0, 1.0, 0.0; 0.0, 0.0, 0.0, 0.0, 1.0];
X{5}{4}{3} = [0.0, 0.0, 0.0, 0.0, 0.0; 0.0, 0.0, 0.0, 0.0, 0.0; 0.0, 0.0, 0.0, 0.0, 0.0];
X{5}{5}{3} = [0.0, 0.0, 0.0, 0.0, 0.0];

depth{5}{4} = 3;
dim{5}{4} = 6;
mult{5}{4} = (d+(0)) * (d+(1)) * (d+(2)) * (d+(-1)) * (d+(-2)) / 20;
perm{5}{4} = [0.333333333333333, 0.471404520791032, 0.816496580927726, 0.000000000000000, 0.000000000000000, 0.000000000000000; -0.235702260395516, 0.0416666666666667, 0.0721687836487032, 0.484122918275927, 0.838525491562421, 0.000000000000000; 0.000000000000000, -0.216506350946110, 0.125000000000000, -0.279508497187474, 0.161374306091976, 0.912870929175277; 0.912870929175277, -0.161374306091976, -0.279508497187474, 0.125000000000000, 0.216506350946110, 0.000000000000000; 0.000000000000000, 0.838525491562421, -0.484122918275927, -0.0721687836487032, 0.0416666666666667, 0.235702260395516; 0.000000000000000, 0.000000000000000, 0.000000000000000, 0.816496580927726, -0.471404520791032, 0.333333333333333];
X{5}{1}{4} = [0.0, 0.0, 0.0, 0.0, 0.0, 0.0];
X{5}{2}{4} = [1.0, 0.0, 0.0, 0.0, 0.0, 0.0; 0.0, 1.0, 0.0, 0.0, 0.0, 0.0; 0.0, 0.0, 1.0, 0.0, 0.0, 0.0];
X{5}{3}{4} = [0.0, 0.0, 0.0, 0.0, 0.0, 0.0; 0.0, 0.0, 0.0, 0.0, 0.0, 0.0];
X{5}{4}{4} = [0.0, 0.0, 0.0, 1.0, 0.0, 0.0; 0.0, 0.0, 0.0, 0.0, 1.0, 0.0; 0.0, 0.0, 0.0, 0.0, 0.0, 1.0];
X{5}{5}{4} = [0.0, 0.0, 0.0, 0.0, 0.0, 0.0];

depth{5}{5} = 3;
dim{5}{5} = 5;
mult{5}{5} = (d+(0)) * (d+(1)) * (d+(-1)) * (d+(0)) * (d+(-2)) / 24;
perm{5}{5} = [0.250000000000000, 0.433012701892219, 0.433012701892219, 0.750000000000000, 0.000000000000000; 0.433012701892219, -0.250000000000000, -0.250000000000000, 0.144337567297406, 0.816496580927726; -0.433012701892219, -0.750000000000000, 0.250000000000000, 0.433012701892219, 0.000000000000000; -0.750000000000000, 0.433012701892219, -0.144337567297406, 0.0833333333333333, 0.471404520791032; 0.000000000000000, 0.000000000000000, -0.816496580927726, 0.471404520791032, -0.333333333333333];
X{5}{1}{5} = [0.0, 0.0, 0.0, 0.0, 0.0];
X{5}{2}{5} = [0.0, 0.0, 0.0, 0.0, 0.0; 0.0, 0.0, 0.0, 0.0, 0.0; 0.0, 0.0, 0.0, 0.0, 0.0];
X{5}{3}{5} = [1.0, 0.0, 0.0, 0.0, 0.0; 0.0, 1.0, 0.0, 0.0, 0.0];
X{5}{4}{5} = [0.0, 0.0, 1.0, 0.0, 0.0; 0.0, 0.0, 0.0, 1.0, 0.0; 0.0, 0.0, 0.0, 0.0, 1.0];
X{5}{5}{5} = [0.0, 0.0, 0.0, 0.0, 0.0];

depth{5}{6} = 4;
dim{5}{6} = 4;
mult{5}{6} = (d+(0)) * (d+(1)) * (d+(-1)) * (d+(-2)) * (d+(-3)) / 30;
perm{5}{6} = [-0.500000000000000, -0.866025403784439, 0.000000000000000, 0.000000000000000; 0.288675134594813, -0.166666666666667, -0.942809041582063, 0.000000000000000; -0.204124145231931, 0.117851130197758, -0.0833333333333333, -0.968245836551854; 0.790569415042095, -0.456435464587638, 0.322748612183951, -0.250000000000000];
X{5}{1}{6} = [0.0, 0.0, 0.0, 0.0];
X{5}{2}{6} = [0.0, 0.0, 0.0, 0.0; 0.0, 0.0, 0.0, 0.0; 0.0, 0.0, 0.0, 0.0];
X{5}{3}{6} = [0.0, 0.0, 0.0, 0.0; 0.0, 0.0, 0.0, 0.0];
X{5}{4}{6} = [1.0, 0.0, 0.0, 0.0; 0.0, 1.0, 0.0, 0.0; 0.0, 0.0, 1.0, 0.0];
X{5}{5}{6} = [0.0, 0.0, 0.0, 1.0];

depth{5}{7} = 5;
dim{5}{7} = 1;
mult{5}{7} = (d+(0)) * (d+(-1)) * (d+(-2)) * (d+(-3)) * (d+(-4)) / 120;
perm{5}{7} = [1.00000000000000];
X{5}{1}{7} = [0.0];
X{5}{2}{7} = [0.0; 0.0; 0.0];
X{5}{3}{7} = [0.0; 0.0];
X{5}{4}{7} = [0.0; 0.0; 0.0];
X{5}{5}{7} = [1.0];

num_young_diagrams{6} = 11;

depth{6}{1} = 1;
dim{6}{1} = 1;
mult{6}{1} = (d+(0)) * (d+(1)) * (d+(2)) * (d+(3)) * (d+(4)) * (d+(5)) / 720;
perm{6}{1} = [1.00000000000000];
X{6}{1}{1} = [1.0];
X{6}{2}{1} = [0.0; 0.0; 0.0; 0.0];
X{6}{3}{1} = [0.0; 0.0; 0.0; 0.0; 0.0];
X{6}{4}{1} = [0.0; 0.0; 0.0; 0.0; 0.0; 0.0];
X{6}{5}{1} = [0.0; 0.0; 0.0; 0.0; 0.0];
X{6}{6}{1} = [0.0; 0.0; 0.0; 0.0];
X{6}{7}{1} = [0.0];

depth{6}{2} = 2;
dim{6}{2} = 5;
mult{6}{2} = (d+(0)) * (d+(1)) * (d+(2)) * (d+(3)) * (d+(4)) * (d+(-1)) / 144;
perm{6}{2} = [-0.200000000000000, -0.244948974278318, -0.316227766016838, -0.447213595499958, -0.774596669241483; 0.979795897113271, -0.0500000000000000, -0.0645497224367903, -0.0912870929175277, -0.158113883008419; 0.000000000000000, 0.968245836551854, -0.0833333333333333, -0.117851130197758, -0.204124145231931; 0.000000000000000, 0.000000000000000, 0.942809041582063, -0.166666666666667, -0.288675134594813; 0.000000000000000, 0.000000000000000, 0.000000000000000, 0.866025403784439, -0.500000000000000];
X{6}{1}{2} = [1.0, 0.0, 0.0, 0.0, 0.0];
X{6}{2}{2} = [0.0, 1.0, 0.0, 0.0, 0.0; 0.0, 0.0, 1.0, 0.0, 0.0; 0.0, 0.0, 0.0, 1.0, 0.0; 0.0, 0.0, 0.0, 0.0, 1.0];
X{6}{3}{2} = [0.0, 0.0, 0.0, 0.0, 0.0; 0.0, 0.0, 0.0, 0.0, 0.0; 0.0, 0.0, 0.0, 0.0, 0.0; 0.0, 0.0, 0.0, 0.0, 0.0; 0.0, 0.0, 0.0, 0.0, 0.0];
X{6}{4}{2} = [0.0, 0.0, 0.0, 0.0, 0.0; 0.0, 0.0, 0.0, 0.0, 0.0; 0.0, 0.0, 0.0, 0.0, 0.0; 0.0, 0.0, 0.0, 0.0, 0.0; 0.0, 0.0, 0.0, 0.0, 0.0; 0.0, 0.0, 0.0, 0.0, 0.0];
X{6}{5}{2} = [0.0, 0.0, 0.0, 0.0, 0.0; 0.0, 0.0, 0.0, 0.0, 0.0; 0.0, 0.0, 0.0, 0.0, 0.0; 0.0, 0.0, 0.0, 0.0, 0.0; 0.0, 0.0, 0.0, 0.0, 0.0];
X{6}{6}{2} = [0.0, 0.0, 0.0, 0.0, 0.0; 0.0, 0.0, 0.0, 0.0, 0.0; 0.0, 0.0, 0.0, 0.0, 0.0; 0.0, 0.0, 0.0, 0.0, 0.0];
X{6}{7}{2} = [0.0, 0.0, 0.0, 0.0, 0.0];

depth{6}{3} = 2;
dim{6}{3} = 9;
mult{6}{3} = (d+(0)) * (d+(1)) * (d+(2)) * (d+(3)) * (d+(-1)) * (d+(0)) / 80;
perm{6}{3} = [-0.250000000000000, -0.322748612183951, -0.456435464587638, -0.790569415042095, 0.000000000000000, 0.000000000000000, 0.000000000000000, 0.000000000000000, 0.000000000000000; -0.322748612183951, 0.0277777777777778, 0.0392837100659193, 0.0680413817439772, -0.314269680527354, -0.444444444444444, -0.769800358919501, 0.000000000000000, 0.000000000000000; 0.000000000000000, -0.314269680527354, 0.0555555555555556, 0.0962250448649376, -0.444444444444444, 0.0785674201318386, 0.136082763487954, -0.408248290463863, -0.707106781186548; 0.000000000000000, 0.000000000000000, -0.288675134594813, 0.166666666666667, 0.000000000000000, -0.408248290463863, 0.235702260395516, -0.707106781186548, 0.408248290463863; 0.912870929175277, -0.0785674201318386, -0.111111111111111, -0.192450089729875, -0.111111111111111, -0.157134840263677, -0.272165526975909, 0.000000000000000, 0.000000000000000; 0.000000000000000, 0.888888888888889, -0.157134840263677, -0.272165526975909, -0.157134840263677, 0.0277777777777778, 0.0481125224324688, -0.144337567297406, -0.250000000000000; 0.000000000000000, 0.000000000000000, 0.816496580927726, -0.471404520791032, 0.000000000000000, -0.144337567297406, 0.0833333333333333, -0.250000000000000, 0.144337567297406; 0.000000000000000, 0.000000000000000, 0.000000000000000, 0.000000000000000, 0.816496580927726, -0.144337567297406, -0.250000000000000, -0.250000000000000, -0.433012701892219; 0.000000000000000, 0.000000000000000, 0.000000000000000, 0.000000000000000, 0.000000000000000, 0.750000000000000, -0.433012701892219, -0.433012701892219, 0.250000000000000];
X{6}{1}{3} = [0.0, 0.0, 0.0, 0.0, 0.0, 0.0, 0.0, 0.0, 0.0];
X{6}{2}{3} = [1.0, 0.0, 0.0, 0.0, 0.0, 0.0, 0.0, 0.0, 0.0; 0.0, 1.0, 0.0, 0.0, 0.0, 0.0, 0.0, 0.0, 0.0; 0.0, 0.0, 1.0, 0.0, 0.0, 0.0, 0.0, 0.0, 0.0; 0.0, 0.0, 0.0, 1.0, 0.0, 0.0, 0.0, 0.0, 0.0];
X{6}{3}{3} = [0.0, 0.0, 0.0, 0.0, 1.0, 0.0, 0.0, 0.0, 0.0; 0.0, 0.0, 0.0, 0.0, 0.0, 1.0, 0.0, 0.0, 0.0; 0.0, 0.0, 0.0, 0.0, 0.0, 0.0, 1.0, 0.0, 0.0; 0.0, 0.0, 0.0, 0.0, 0.0, 0.0, 0.0, 1.0, 0.0; 0.0, 0.0, 0.0, 0.0, 0.0, 0.0, 0.0, 0.0, 1.0];
X{6}{4}{3} = [0.0, 0.0, 0.0, 0.0, 0.0, 0.0, 0.0, 0.0, 0.0; 0.0, 0.0, 0.0, 0.0, 0.0, 0.0, 0.0, 0.0, 0.0; 0.0, 0.0, 0.0, 0.0, 0.0, 0.0, 0.0, 0.0, 0.0; 0.0, 0.0, 0.0, 0.0, 0.0, 0.0, 0.0, 0.0, 0.0; 0.0, 0.0, 0.0, 0.0, 0.0, 0.0, 0.0, 0.0, 0.0; 0.0, 0.0, 0.0, 0.0, 0.0, 0.0, 0.0, 0.0, 0.0];
X{6}{5}{3} = [0.0, 0.0, 0.0, 0.0, 0.0, 0.0, 0.0, 0.0, 0.0; 0.0, 0.0, 0.0, 0.0, 0.0, 0.0, 0.0, 0.0, 0.0; 0.0, 0.0, 0.0, 0.0, 0.0, 0.0, 0.0, 0.0, 0.0; 0.0, 0.0, 0.0, 0.0, 0.0, 0.0, 0.0, 0.0, 0.0; 0.0, 0.0, 0.0, 0.0, 0.0, 0.0, 0.0, 0.0, 0.0];
X{6}{6}{3} = [0.0, 0.0, 0.0, 0.0, 0.0, 0.0, 0.0, 0.0, 0.0; 0.0, 0.0, 0.0, 0.0, 0.0, 0.0, 0.0, 0.0, 0.0; 0.0, 0.0, 0.0, 0.0, 0.0, 0.0, 0.0, 0.0, 0.0; 0.0, 0.0, 0.0, 0.0, 0.0, 0.0, 0.0, 0.0, 0.0];
X{6}{7}{3} = [0.0, 0.0, 0.0, 0.0, 0.0, 0.0, 0.0, 0.0, 0.0];

depth{6}{4} = 3;
dim{6}{4} = 10;
mult{6}{4} = (d+(0)) * (d+(1)) * (d+(2)) * (d+(3)) * (d+(-1)) * (d+(-2)) / 72;
perm{6}{4} = [0.250000000000000, 0.322748612183951, 0.456435464587638, 0.790569415042095, 0.000000000000000, 0.000000000000000, 0.000000000000000, 0.000000000000000, 0.000000000000000, 0.000000000000000; -0.193649167310371, 0.0166666666666667, 0.0235702260395516, 0.0408248290463863, 0.326598632371090, 0.461880215351701, 0.800000000000000, 0.000000000000000, 0.000000000000000, 0.000000000000000; 0.000000000000000, -0.188561808316413, 0.0333333333333333, 0.0577350269189626, -0.230940107675850, 0.0408248290463863, 0.0707106781186547, 0.474341649025257, 0.821583836257749, 0.000000000000000; 0.000000000000000, 0.000000000000000, -0.173205080756888, 0.100000000000000, 0.000000000000000, -0.212132034355964, 0.122474487139159, -0.273861278752583, 0.158113883008419, 0.894427190999916; 0.948683298050514, -0.0816496580927726, -0.115470053837925, -0.200000000000000, 0.0666666666666667, 0.0942809041582063, 0.163299316185545, 0.000000000000000, 0.000000000000000, 0.000000000000000; 0.000000000000000, 0.923760430703401, -0.163299316185545, -0.282842712474619, -0.0471404520791032, 0.00833333333333333, 0.0144337567297406, 0.0968245836551854, 0.167705098312484, 0.000000000000000; 0.000000000000000, 0.000000000000000, 0.848528137423857, -0.489897948556636, 0.000000000000000, -0.0433012701892219, 0.0250000000000000, -0.0559016994374947, 0.0322748612183951, 0.182574185835055; 0.000000000000000, 0.000000000000000, 0.000000000000000, 0.000000000000000, 0.912870929175277, -0.161374306091976, -0.279508497187474, 0.125000000000000, 0.216506350946110, 0.000000000000000; 0.000000000000000, 0.000000000000000, 0.000000000000000, 0.000000000000000, 0.000000000000000, 0.838525491562421, -0.484122918275927, -0.0721687836487032, 0.0416666666666667, 0.235702260395516; 0.000000000000000, 0.000000000000000, 0.000000000000000, 0.000000000000000, 0.000000000000000, 0.000000000000000, 0.000000000000000, 0.816496580927726, -0.471404520791032, 0.333333333333333];
X{6}{1}{4} = [0.0, 0.0, 0.0, 0.0, 0.0, 0.0, 0.0, 0.0, 0.0, 0.0];
X{6}{2}{4} = [1.0, 0.0, 0.0, 0.0, 0.0, 0.0, 0.0, 0.0, 0.0, 0.0; 0.0, 1.0, 0.0, 0.0, 0.0, 0.0, 0.0, 0.0, 0.0, 0.0; 0.0, 0.0, 1.0, 0.0, 0.0, 0.0, 0.0, 0.0, 0.0, 0.0; 0.0, 0.0, 0.0, 1.0, 0.0, 0.0, 0.0, 0.0, 0.0, 0.0];
X{6}{3}{4} = [0.0, 0.0, 0.0, 0.0, 0.0, 0.0, 0.0, 0.0, 0.0, 0.0; 0.0, 0.0, 0.0, 0.0, 0.0, 0.0, 0.0, 0.0, 0.0, 0.0; 0.0, 0.0, 0.0, 0.0, 0.0, 0.0, 0.0, 0.0, 0.0, 0.0; 0.0, 0.0, 0.0, 0.0, 0.0, 0.0, 0.0, 0.0, 0.0, 0.0; 0.0, 0.0, 0.0, 0.0, 0.0, 0.0, 0.0, 0.0, 0.0, 0.0];
X{6}{4}{4} = [0.0, 0.0, 0.0, 0.0, 1.0, 0.0, 0.0, 0.0, 0.0, 0.0; 0.0, 0.0, 0.0, 0.0, 0.0, 1.0, 0.0, 0.0, 0.0, 0.0; 0.0, 0.0, 0.0, 0.0, 0.0, 0.0, 1.0, 0.0, 0.0, 0.0; 0.0, 0.0, 0.0, 0.0, 0.0, 0.0, 0.0, 1.0, 0.0, 0.0; 0.0, 0.0, 0.0, 0.0, 0.0, 0.0, 0.0, 0.0, 1.0, 0.0; 0.0, 0.0, 0.0, 0.0, 0.0, 0.0, 0.0, 0.0, 0.0, 1.0];
X{6}{5}{4} = [0.0, 0.0, 0.0, 0.0, 0.0, 0.0, 0.0, 0.0, 0.0, 0.0; 0.0, 0.0, 0.0, 0.0, 0.0, 0.0, 0.0, 0.0, 0.0, 0.0; 0.0, 0.0, 0.0, 0.0, 0.0, 0.0, 0.0, 0.0, 0.0, 0.0; 0.0, 0.0, 0.0, 0.0, 0.0, 0.0, 0.0, 0.0, 0.0, 0.0; 0.0, 0.0, 0.0, 0.0, 0.0, 0.0, 0.0, 0.0, 0.0, 0.0];
X{6}{6}{4} = [0.0, 0.0, 0.0, 0.0, 0.0, 0.0, 0.0, 0.0, 0.0, 0.0; 0.0, 0.0, 0.0, 0.0, 0.0, 0.0, 0.0, 0.0, 0.0, 0.0; 0.0, 0.0, 0.0, 0.0, 0.0, 0.0, 0.0, 0.0, 0.0, 0.0; 0.0, 0.0, 0.0, 0.0, 0.0, 0.0, 0.0, 0.0, 0.0, 0.0];
X{6}{7}{4} = [0.0, 0.0, 0.0, 0.0, 0.0, 0.0, 0.0, 0.0, 0.0, 0.0];

depth{6}{5} = 2;
dim{6}{5} = 5;
mult{6}{5} = (d+(0)) * (d+(1)) * (d+(2)) * (d+(-1)) * (d+(0)) * (d+(1)) / 144;
perm{6}{5} = [-0.333333333333333, -0.471404520791032, -0.816496580927726, 0.000000000000000, 0.000000000000000; -0.471404520791032, 0.0833333333333333, 0.144337567297406, -0.433012701892219, -0.750000000000000; 0.000000000000000, -0.433012701892219, 0.250000000000000, -0.750000000000000, 0.433012701892219; -0.816496580927726, 0.144337567297406, 0.250000000000000, 0.250000000000000, 0.433012701892219; 0.000000000000000, -0.750000000000000, 0.433012701892219, 0.433012701892219, -0.250000000000000];
X{6}{1}{5} = [0.0, 0.0, 0.0, 0.0, 0.0];
X{6}{2}{5} = [0.0, 0.0, 0.0, 0.0, 0.0; 0.0, 0.0, 0.0, 0.0, 0.0; 0.0, 0.0, 0.0, 0.0, 0.0; 0.0, 0.0, 0.0, 0.0, 0.0];
X{6}{3}{5} = [1.0, 0.0, 0.0, 0.0, 0.0; 0.0, 1.0, 0.0, 0.0, 0.0; 0.0, 0.0, 1.0, 0.0, 0.0; 0.0, 0.0, 0.0, 1.0, 0.0; 0.0, 0.0, 0.0, 0.0, 1.0];
X{6}{4}{5} = [0.0, 0.0, 0.0, 0.0, 0.0; 0.0, 0.0, 0.0, 0.0, 0.0; 0.0, 0.0, 0.0, 0.0, 0.0; 0.0, 0.0, 0.0, 0.0, 0.0; 0.0, 0.0, 0.0, 0.0, 0.0; 0.0, 0.0, 0.0, 0.0, 0.0];
X{6}{5}{5} = [0.0, 0.0, 0.0, 0.0, 0.0; 0.0, 0.0, 0.0, 0.0, 0.0; 0.0, 0.0, 0.0, 0.0, 0.0; 0.0, 0.0, 0.0, 0.0, 0.0; 0.0, 0.0, 0.0, 0.0, 0.0];
X{6}{6}{5} = [0.0, 0.0, 0.0, 0.0, 0.0; 0.0, 0.0, 0.0, 0.0, 0.0; 0.0, 0.0, 0.0, 0.0, 0.0; 0.0, 0.0, 0.0, 0.0, 0.0];
X{6}{7}{5} = [0.0, 0.0, 0.0, 0.0, 0.0];

depth{6}{6} = 3;
dim{6}{6} = 16;
mult{6}{6} = (d+(0)) * (d+(1)) * (d+(2)) * (d+(-1)) * (d+(0)) * (d+(-2)) / 45;
perm{6}{6} = [0.166666666666667, 0.235702260395516, 0.408248290463863, 0.000000000000000, 0.000000000000000, 0.288675134594813, 0.408248290463863, 0.707106781186548, 0.000000000000000, 0.000000000000000, 0.000000000000000, 0.000000000000000, 0.000000000000000, 0.000000000000000, 0.000000000000000, 0.000000000000000; 0.235702260395516, -0.0416666666666667, -0.0721687836487032, 0.216506350946110, 0.375000000000000, -0.204124145231931, 0.0360843918243516, 0.0625000000000000, 0.419262745781211, 0.726184377413891, 0.000000000000000, 0.000000000000000, 0.000000000000000, 0.000000000000000, 0.000000000000000, 0.000000000000000; 0.000000000000000, 0.216506350946110, -0.125000000000000, 0.375000000000000, -0.216506350946110, 0.000000000000000, -0.187500000000000, 0.108253175473055, -0.242061459137964, 0.139754248593737, 0.790569415042095, 0.000000000000000, 0.000000000000000, 0.000000000000000, 0.000000000000000, 0.000000000000000; -0.204124145231931, 0.0360843918243516, 0.0625000000000000, 0.0625000000000000, 0.108253175473055, 0.000000000000000, 0.000000000000000, 0.000000000000000, 0.000000000000000, 0.000000000000000, 0.000000000000000, 0.242061459137964, 0.419262745781211, 0.419262745781211, 0.726184377413891, 0.000000000000000; 0.000000000000000, -0.187500000000000, 0.108253175473055, 0.108253175473055, -0.0625000000000000, 0.000000000000000, 0.000000000000000, 0.000000000000000, 0.000000000000000, 0.000000000000000, 0.000000000000000, 0.419262745781211, -0.242061459137964, -0.242061459137964, 0.139754248593737, 0.790569415042095; -0.288675134594813, -0.408248290463863, -0.707106781186548, 0.000000000000000, 0.000000000000000, 0.166666666666667, 0.235702260395516, 0.408248290463863, 0.000000000000000, 0.000000000000000, 0.000000000000000, 0.000000000000000, 0.000000000000000, 0.000000000000000, 0.000000000000000, 0.000000000000000; -0.408248290463863, 0.0721687836487032, 0.125000000000000, -0.375000000000000, -0.649519052838329, -0.117851130197758, 0.0208333333333333, 0.0360843918243516, 0.242061459137964, 0.419262745781211, 0.000000000000000, 0.000000000000000, 0.000000000000000, 0.000000000000000, 0.000000000000000, 0.000000000000000; 0.000000000000000, -0.375000000000000, 0.216506350946110, -0.649519052838329, 0.375000000000000, 0.000000000000000, -0.108253175473055, 0.0625000000000000, -0.139754248593737, 0.0806871530459878, 0.456435464587638, 0.000000000000000, 0.000000000000000, 0.000000000000000, 0.000000000000000, 0.000000000000000; 0.000000000000000, 0.000000000000000, 0.000000000000000, 0.000000000000000, 0.000000000000000, -0.456435464587638, 0.0806871530459878, 0.139754248593737, -0.0625000000000000, -0.108253175473055, 0.000000000000000, -0.375000000000000, -0.649519052838329, 0.216506350946110, 0.375000000000000, 0.000000000000000; 0.000000000000000, 0.000000000000000, 0.000000000000000, 0.000000000000000, 0.000000000000000, 0.000000000000000, -0.419262745781211, 0.242061459137964, 0.0360843918243516, -0.0208333333333333, -0.117851130197758, -0.649519052838329, 0.375000000000000, -0.125000000000000, 0.0721687836487032, 0.408248290463863; 0.000000000000000, 0.000000000000000, 0.000000000000000, 0.000000000000000, 0.000000000000000, 0.000000000000000, 0.000000000000000, 0.000000000000000, -0.408248290463863, 0.235702260395516, -0.166666666666667, 0.000000000000000, 0.000000000000000, -0.707106781186548, 0.408248290463863, -0.288675134594813; 0.790569415042095, -0.139754248593737, -0.242061459137964, -0.242061459137964, -0.419262745781211, 0.000000000000000, 0.000000000000000, 0.000000000000000, 0.000000000000000, 0.000000000000000, 0.000000000000000, 0.0625000000000000, 0.108253175473055, 0.108253175473055, 0.187500000000000, 0.000000000000000; 0.000000000000000, 0.726184377413891, -0.419262745781211, -0.419262745781211, 0.242061459137964, 0.000000000000000, 0.000000000000000, 0.000000000000000, 0.000000000000000, 0.000000000000000, 0.000000000000000, 0.108253175473055, -0.0625000000000000, -0.0625000000000000, 0.0360843918243516, 0.204124145231931; 0.000000000000000, 0.000000000000000, 0.000000000000000, 0.000000000000000, 0.000000000000000, 0.790569415042095, -0.139754248593737, -0.242061459137964, 0.108253175473055, 0.187500000000000, 0.000000000000000, -0.216506350946110, -0.375000000000000, 0.125000000000000, 0.216506350946110, 0.000000000000000; 0.000000000000000, 0.000000000000000, 0.000000000000000, 0.000000000000000, 0.000000000000000, 0.000000000000000, 0.726184377413891, -0.419262745781211, -0.0625000000000000, 0.0360843918243516, 0.204124145231931, -0.375000000000000, 0.216506350946110, -0.0721687836487032, 0.0416666666666667, 0.235702260395516; 0.000000000000000, 0.000000000000000, 0.000000000000000, 0.000000000000000, 0.000000000000000, 0.000000000000000, 0.000000000000000, 0.000000000000000, 0.707106781186548, -0.408248290463863, 0.288675134594813, 0.000000000000000, 0.000000000000000, -0.408248290463863, 0.235702260395516, -0.166666666666667];
X{6}{1}{6} = [0.0, 0.0, 0.0, 0.0, 0.0, 0.0, 0.0, 0.0, 0.0, 0.0, 0.0, 0.0, 0.0, 0.0, 0.0, 0.0];
X{6}{2}{6} = [0.0, 0.0, 0.0, 0.0, 0.0, 0.0, 0.0, 0.0, 0.0, 0.0, 0.0, 0.0, 0.0, 0.0, 0.0, 0.0; 0.0, 0.0, 0.0, 0.0, 0.0, 0.0, 0.0, 0.0, 0.0, 0.0, 0.0, 0.0, 0.0, 0.0, 0.0, 0.0; 0.0, 0.0, 0.0, 0.0, 0.0, 0.0, 0.0, 0.0, 0.0, 0.0, 0.0, 0.0, 0.0, 0.0, 0.0, 0.0; 0.0, 0.0, 0.0, 0.0, 0.0, 0.0, 0.0, 0.0, 0.0, 0.0, 0.0, 0.0, 0.0, 0.0, 0.0, 0.0];
X{6}{3}{6} = [1.0, 0.0, 0.0, 0.0, 0.0, 0.0, 0.0, 0.0, 0.0, 0.0, 0.0, 0.0, 0.0, 0.0, 0.0, 0.0; 0.0, 1.0, 0.0, 0.0, 0.0, 0.0, 0.0, 0.0, 0.0, 0.0, 0.0, 0.0, 0.0, 0.0, 0.0, 0.0; 0.0, 0.0, 1.0, 0.0, 0.0, 0.0, 0.0, 0.0, 0.0, 0.0, 0.0, 0.0, 0.0, 0.0, 0.0, 0.0; 0.0, 0.0, 0.0, 1.0, 0.0, 0.0, 0.0, 0.0, 0.0, 0.0, 0.0, 0.0, 0.0, 0.0, 0.0, 0.0; 0.0, 0.0, 0.0, 0.0, 1.0, 0.0, 0.0, 0.0, 0.0, 0.0, 0.0, 0.0, 0.0, 0.0, 0.0, 0.0];
X{6}{4}{6} = [0.0, 0.0, 0.0, 0.0, 0.0, 1.0, 0.0, 0.0, 0.0, 0.0, 0.0, 0.0, 0.0, 0.0, 0.0, 0.0; 0.0, 0.0, 0.0, 0.0, 0.0, 0.0, 1.0, 0.0, 0.0, 0.0, 0.0, 0.0, 0.0, 0.0, 0.0, 0.0; 0.0, 0.0, 0.0, 0.0, 0.0, 0.0, 0.0, 1.0, 0.0, 0.0, 0.0, 0.0, 0.0, 0.0, 0.0, 0.0; 0.0, 0.0, 0.0, 0.0, 0.0, 0.0, 0.0, 0.0, 1.0, 0.0, 0.0, 0.0, 0.0, 0.0, 0.0, 0.0; 0.0, 0.0, 0.0, 0.0, 0.0, 0.0, 0.0, 0.0, 0.0, 1.0, 0.0, 0.0, 0.0, 0.0, 0.0, 0.0; 0.0, 0.0, 0.0, 0.0, 0.0, 0.0, 0.0, 0.0, 0.0, 0.0, 1.0, 0.0, 0.0, 0.0, 0.0, 0.0];
X{6}{5}{6} = [0.0, 0.0, 0.0, 0.0, 0.0, 0.0, 0.0, 0.0, 0.0, 0.0, 0.0, 1.0, 0.0, 0.0, 0.0, 0.0; 0.0, 0.0, 0.0, 0.0, 0.0, 0.0, 0.0, 0.0, 0.0, 0.0, 0.0, 0.0, 1.0, 0.0, 0.0, 0.0; 0.0, 0.0, 0.0, 0.0, 0.0, 0.0, 0.0, 0.0, 0.0, 0.0, 0.0, 0.0, 0.0, 1.0, 0.0, 0.0; 0.0, 0.0, 0.0, 0.0, 0.0, 0.0, 0.0, 0.0, 0.0, 0.0, 0.0, 0.0, 0.0, 0.0, 1.0, 0.0; 0.0, 0.0, 0.0, 0.0, 0.0, 0.0, 0.0, 0.0, 0.0, 0.0, 0.0, 0.0, 0.0, 0.0, 0.0, 1.0];
X{6}{6}{6} = [0.0, 0.0, 0.0, 0.0, 0.0, 0.0, 0.0, 0.0, 0.0, 0.0, 0.0, 0.0, 0.0, 0.0, 0.0, 0.0; 0.0, 0.0, 0.0, 0.0, 0.0, 0.0, 0.0, 0.0, 0.0, 0.0, 0.0, 0.0, 0.0, 0.0, 0.0, 0.0; 0.0, 0.0, 0.0, 0.0, 0.0, 0.0, 0.0, 0.0, 0.0, 0.0, 0.0, 0.0, 0.0, 0.0, 0.0, 0.0; 0.0, 0.0, 0.0, 0.0, 0.0, 0.0, 0.0, 0.0, 0.0, 0.0, 0.0, 0.0, 0.0, 0.0, 0.0, 0.0];
X{6}{7}{6} = [0.0, 0.0, 0.0, 0.0, 0.0, 0.0, 0.0, 0.0, 0.0, 0.0, 0.0, 0.0, 0.0, 0.0, 0.0, 0.0];

depth{6}{7} = 4;
dim{6}{7} = 10;
mult{6}{7} = (d+(0)) * (d+(1)) * (d+(2)) * (d+(-1)) * (d+(-2)) * (d+(-3)) / 72;
perm{6}{7} = [-0.333333333333333, -0.471404520791032, -0.816496580927726, 0.000000000000000, 0.000000000000000, 0.000000000000000, 0.000000000000000, 0.000000000000000, 0.000000000000000, 0.000000000000000; 0.235702260395516, -0.0416666666666667, -0.0721687836487032, -0.484122918275927, -0.838525491562421, 0.000000000000000, 0.000000000000000, 0.000000000000000, 0.000000000000000, 0.000000000000000; 0.000000000000000, 0.216506350946110, -0.125000000000000, 0.279508497187474, -0.161374306091976, -0.912870929175277, 0.000000000000000, 0.000000000000000, 0.000000000000000, 0.000000000000000; -0.182574185835055, 0.0322748612183951, 0.0559016994374947, -0.0250000000000000, -0.0433012701892219, 0.000000000000000, -0.489897948556636, -0.848528137423857, 0.000000000000000, 0.000000000000000; 0.000000000000000, -0.167705098312484, 0.0968245836551854, 0.0144337567297406, -0.00833333333333333, -0.0471404520791032, 0.282842712474619, -0.163299316185545, -0.923760430703401, 0.000000000000000; 0.000000000000000, 0.000000000000000, 0.000000000000000, -0.163299316185545, 0.0942809041582063, -0.0666666666666667, -0.200000000000000, 0.115470053837925, -0.0816496580927726, -0.948683298050514; 0.894427190999916, -0.158113883008419, -0.273861278752583, 0.122474487139159, 0.212132034355964, 0.000000000000000, -0.100000000000000, -0.173205080756888, 0.000000000000000, 0.000000000000000; 0.000000000000000, 0.821583836257749, -0.474341649025257, -0.0707106781186547, 0.0408248290463863, 0.230940107675850, 0.0577350269189626, -0.0333333333333333, -0.188561808316413, 0.000000000000000; 0.000000000000000, 0.000000000000000, 0.000000000000000, 0.800000000000000, -0.461880215351701, 0.326598632371090, -0.0408248290463863, 0.0235702260395516, -0.0166666666666667, -0.193649167310371; 0.000000000000000, 0.000000000000000, 0.000000000000000, 0.000000000000000, 0.000000000000000, 0.000000000000000, 0.790569415042095, -0.456435464587638, 0.322748612183951, -0.250000000000000];
X{6}{1}{7} = [0.0, 0.0, 0.0, 0.0, 0.0, 0.0, 0.0, 0.0, 0.0, 0.0];
X{6}{2}{7} = [0.0, 0.0, 0.0, 0.0, 0.0, 0.0, 0.0, 0.0, 0.0, 0.0; 0.0, 0.0, 0.0, 0.0, 0.0, 0.0, 0.0, 0.0, 0.0, 0.0; 0.0, 0.0, 0.0, 0.0, 0.0, 0.0, 0.0, 0.0, 0.0, 0.0; 0.0, 0.0, 0.0, 0.0, 0.0, 0.0, 0.0, 0.0, 0.0, 0.0];
X{6}{3}{7} = [0.0, 0.0, 0.0, 0.0, 0.0, 0.0, 0.0, 0.0, 0.0, 0.0; 0.0, 0.0, 0.0, 0.0, 0.0, 0.0, 0.0, 0.0, 0.0, 0.0; 0.0, 0.0, 0.0, 0.0, 0.0, 0.0, 0.0, 0.0, 0.0, 0.0; 0.0, 0.0, 0.0, 0.0, 0.0, 0.0, 0.0, 0.0, 0.0, 0.0; 0.0, 0.0, 0.0, 0.0, 0.0, 0.0, 0.0, 0.0, 0.0, 0.0];
X{6}{4}{7} = [1.0, 0.0, 0.0, 0.0, 0.0, 0.0, 0.0, 0.0, 0.0, 0.0; 0.0, 1.0, 0.0, 0.0, 0.0, 0.0, 0.0, 0.0, 0.0, 0.0; 0.0, 0.0, 1.0, 0.0, 0.0, 0.0, 0.0, 0.0, 0.0, 0.0; 0.0, 0.0, 0.0, 1.0, 0.0, 0.0, 0.0, 0.0, 0.0, 0.0; 0.0, 0.0, 0.0, 0.0, 1.0, 0.0, 0.0, 0.0, 0.0, 0.0; 0.0, 0.0, 0.0, 0.0, 0.0, 1.0, 0.0, 0.0, 0.0, 0.0];
X{6}{5}{7} = [0.0, 0.0, 0.0, 0.0, 0.0, 0.0, 0.0, 0.0, 0.0, 0.0; 0.0, 0.0, 0.0, 0.0, 0.0, 0.0, 0.0, 0.0, 0.0, 0.0; 0.0, 0.0, 0.0, 0.0, 0.0, 0.0, 0.0, 0.0, 0.0, 0.0; 0.0, 0.0, 0.0, 0.0, 0.0, 0.0, 0.0, 0.0, 0.0, 0.0; 0.0, 0.0, 0.0, 0.0, 0.0, 0.0, 0.0, 0.0, 0.0, 0.0];
X{6}{6}{7} = [0.0, 0.0, 0.0, 0.0, 0.0, 0.0, 1.0, 0.0, 0.0, 0.0; 0.0, 0.0, 0.0, 0.0, 0.0, 0.0, 0.0, 1.0, 0.0, 0.0; 0.0, 0.0, 0.0, 0.0, 0.0, 0.0, 0.0, 0.0, 1.0, 0.0; 0.0, 0.0, 0.0, 0.0, 0.0, 0.0, 0.0, 0.0, 0.0, 1.0];
X{6}{7}{7} = [0.0, 0.0, 0.0, 0.0, 0.0, 0.0, 0.0, 0.0, 0.0, 0.0];

depth{6}{8} = 3;
dim{6}{8} = 5;
mult{6}{8} = (d+(0)) * (d+(1)) * (d+(-1)) * (d+(0)) * (d+(-2)) * (d+(-1)) / 144;
perm{6}{8} = [0.250000000000000, 0.433012701892219, 0.433012701892219, 0.750000000000000, 0.000000000000000; 0.433012701892219, -0.250000000000000, -0.250000000000000, 0.144337567297406, 0.816496580927726; 0.433012701892219, 0.750000000000000, -0.250000000000000, -0.433012701892219, 0.000000000000000; 0.750000000000000, -0.433012701892219, 0.144337567297406, -0.0833333333333333, -0.471404520791032; 0.000000000000000, 0.000000000000000, 0.816496580927726, -0.471404520791032, 0.333333333333333];
X{6}{1}{8} = [0.0, 0.0, 0.0, 0.0, 0.0];
X{6}{2}{8} = [0.0, 0.0, 0.0, 0.0, 0.0; 0.0, 0.0, 0.0, 0.0, 0.0; 0.0, 0.0, 0.0, 0.0, 0.0; 0.0, 0.0, 0.0, 0.0, 0.0];
X{6}{3}{8} = [0.0, 0.0, 0.0, 0.0, 0.0; 0.0, 0.0, 0.0, 0.0, 0.0; 0.0, 0.0, 0.0, 0.0, 0.0; 0.0, 0.0, 0.0, 0.0, 0.0; 0.0, 0.0, 0.0, 0.0, 0.0];
X{6}{4}{8} = [0.0, 0.0, 0.0, 0.0, 0.0; 0.0, 0.0, 0.0, 0.0, 0.0; 0.0, 0.0, 0.0, 0.0, 0.0; 0.0, 0.0, 0.0, 0.0, 0.0; 0.0, 0.0, 0.0, 0.0, 0.0; 0.0, 0.0, 0.0, 0.0, 0.0];
X{6}{5}{8} = [1.0, 0.0, 0.0, 0.0, 0.0; 0.0, 1.0, 0.0, 0.0, 0.0; 0.0, 0.0, 1.0, 0.0, 0.0; 0.0, 0.0, 0.0, 1.0, 0.0; 0.0, 0.0, 0.0, 0.0, 1.0];
X{6}{6}{8} = [0.0, 0.0, 0.0, 0.0, 0.0; 0.0, 0.0, 0.0, 0.0, 0.0; 0.0, 0.0, 0.0, 0.0, 0.0; 0.0, 0.0, 0.0, 0.0, 0.0];
X{6}{7}{8} = [0.0, 0.0, 0.0, 0.0, 0.0];

depth{6}{9} = 4;
dim{6}{9} = 9;
mult{6}{9} = (d+(0)) * (d+(1)) * (d+(-1)) * (d+(0)) * (d+(-2)) * (d+(-3)) / 80;
perm{6}{9} = [-0.250000000000000, -0.433012701892219, -0.433012701892219, -0.750000000000000, 0.000000000000000, 0.000000000000000, 0.000000000000000, 0.000000000000000, 0.000000000000000; -0.433012701892219, 0.250000000000000, 0.250000000000000, -0.144337567297406, -0.816496580927726, 0.000000000000000, 0.000000000000000, 0.000000000000000, 0.000000000000000; 0.144337567297406, 0.250000000000000, -0.0833333333333333, -0.144337567297406, 0.000000000000000, -0.471404520791032, -0.816496580927726, 0.000000000000000, 0.000000000000000; 0.250000000000000, -0.144337567297406, 0.0481125224324688, -0.0277777777777778, -0.157134840263677, 0.272165526975909, -0.157134840263677, -0.888888888888889, 0.000000000000000; 0.000000000000000, 0.000000000000000, 0.272165526975909, -0.157134840263677, 0.111111111111111, -0.192450089729875, 0.111111111111111, -0.0785674201318386, -0.912870929175277; -0.408248290463863, -0.707106781186548, 0.235702260395516, 0.408248290463863, 0.000000000000000, -0.166666666666667, -0.288675134594813, 0.000000000000000, 0.000000000000000; -0.707106781186548, 0.408248290463863, -0.136082763487954, 0.0785674201318386, 0.444444444444444, 0.0962250448649376, -0.0555555555555556, -0.314269680527354, 0.000000000000000; 0.000000000000000, 0.000000000000000, -0.769800358919501, 0.444444444444444, -0.314269680527354, -0.0680413817439772, 0.0392837100659193, -0.0277777777777778, -0.322748612183951; 0.000000000000000, 0.000000000000000, 0.000000000000000, 0.000000000000000, 0.000000000000000, -0.790569415042095, 0.456435464587638, -0.322748612183951, 0.250000000000000];
X{6}{1}{9} = [0.0, 0.0, 0.0, 0.0, 0.0, 0.0, 0.0, 0.0, 0.0];
X{6}{2}{9} = [0.0, 0.0, 0.0, 0.0, 0.0, 0.0, 0.0, 0.0, 0.0; 0.0, 0.0, 0.0, 0.0, 0.0, 0.0, 0.0, 0.0, 0.0; 0.0, 0.0, 0.0, 0.0, 0.0, 0.0, 0.0, 0.0, 0.0; 0.0, 0.0, 0.0, 0.0, 0.0, 0.0, 0.0, 0.0, 0.0];
X{6}{3}{9} = [0.0, 0.0, 0.0, 0.0, 0.0, 0.0, 0.0, 0.0, 0.0; 0.0, 0.0, 0.0, 0.0, 0.0, 0.0, 0.0, 0.0, 0.0; 0.0, 0.0, 0.0, 0.0, 0.0, 0.0, 0.0, 0.0, 0.0; 0.0, 0.0, 0.0, 0.0, 0.0, 0.0, 0.0, 0.0, 0.0; 0.0, 0.0, 0.0, 0.0, 0.0, 0.0, 0.0, 0.0, 0.0];
X{6}{4}{9} = [0.0, 0.0, 0.0, 0.0, 0.0, 0.0, 0.0, 0.0, 0.0; 0.0, 0.0, 0.0, 0.0, 0.0, 0.0, 0.0, 0.0, 0.0; 0.0, 0.0, 0.0, 0.0, 0.0, 0.0, 0.0, 0.0, 0.0; 0.0, 0.0, 0.0, 0.0, 0.0, 0.0, 0.0, 0.0, 0.0; 0.0, 0.0, 0.0, 0.0, 0.0, 0.0, 0.0, 0.0, 0.0; 0.0, 0.0, 0.0, 0.0, 0.0, 0.0, 0.0, 0.0, 0.0];
X{6}{5}{9} = [1.0, 0.0, 0.0, 0.0, 0.0, 0.0, 0.0, 0.0, 0.0; 0.0, 1.0, 0.0, 0.0, 0.0, 0.0, 0.0, 0.0, 0.0; 0.0, 0.0, 1.0, 0.0, 0.0, 0.0, 0.0, 0.0, 0.0; 0.0, 0.0, 0.0, 1.0, 0.0, 0.0, 0.0, 0.0, 0.0; 0.0, 0.0, 0.0, 0.0, 1.0, 0.0, 0.0, 0.0, 0.0];
X{6}{6}{9} = [0.0, 0.0, 0.0, 0.0, 0.0, 1.0, 0.0, 0.0, 0.0; 0.0, 0.0, 0.0, 0.0, 0.0, 0.0, 1.0, 0.0, 0.0; 0.0, 0.0, 0.0, 0.0, 0.0, 0.0, 0.0, 1.0, 0.0; 0.0, 0.0, 0.0, 0.0, 0.0, 0.0, 0.0, 0.0, 1.0];
X{6}{7}{9} = [0.0, 0.0, 0.0, 0.0, 0.0, 0.0, 0.0, 0.0, 0.0];

depth{6}{10} = 5;
dim{6}{10} = 5;
mult{6}{10} = (d+(0)) * (d+(1)) * (d+(-1)) * (d+(-2)) * (d+(-3)) * (d+(-4)) / 144;
perm{6}{10} = [0.500000000000000, 0.866025403784439, 0.000000000000000, 0.000000000000000, 0.000000000000000; -0.288675134594813, 0.166666666666667, 0.942809041582063, 0.000000000000000, 0.000000000000000; 0.204124145231931, -0.117851130197758, 0.0833333333333333, 0.968245836551854, 0.000000000000000; -0.158113883008419, 0.0912870929175277, -0.0645497224367903, 0.0500000000000000, 0.979795897113271; 0.774596669241483, -0.447213595499958, 0.316227766016838, -0.244948974278318, 0.200000000000000];
X{6}{1}{10} = [0.0, 0.0, 0.0, 0.0, 0.0];
X{6}{2}{10} = [0.0, 0.0, 0.0, 0.0, 0.0; 0.0, 0.0, 0.0, 0.0, 0.0; 0.0, 0.0, 0.0, 0.0, 0.0; 0.0, 0.0, 0.0, 0.0, 0.0];
X{6}{3}{10} = [0.0, 0.0, 0.0, 0.0, 0.0; 0.0, 0.0, 0.0, 0.0, 0.0; 0.0, 0.0, 0.0, 0.0, 0.0; 0.0, 0.0, 0.0, 0.0, 0.0; 0.0, 0.0, 0.0, 0.0, 0.0];
X{6}{4}{10} = [0.0, 0.0, 0.0, 0.0, 0.0; 0.0, 0.0, 0.0, 0.0, 0.0; 0.0, 0.0, 0.0, 0.0, 0.0; 0.0, 0.0, 0.0, 0.0, 0.0; 0.0, 0.0, 0.0, 0.0, 0.0; 0.0, 0.0, 0.0, 0.0, 0.0];
X{6}{5}{10} = [0.0, 0.0, 0.0, 0.0, 0.0; 0.0, 0.0, 0.0, 0.0, 0.0; 0.0, 0.0, 0.0, 0.0, 0.0; 0.0, 0.0, 0.0, 0.0, 0.0; 0.0, 0.0, 0.0, 0.0, 0.0];
X{6}{6}{10} = [1.0, 0.0, 0.0, 0.0, 0.0; 0.0, 1.0, 0.0, 0.0, 0.0; 0.0, 0.0, 1.0, 0.0, 0.0; 0.0, 0.0, 0.0, 1.0, 0.0];
X{6}{7}{10} = [0.0, 0.0, 0.0, 0.0, 1.0];

depth{6}{11} = 6;
dim{6}{11} = 1;
mult{6}{11} = (d+(0)) * (d+(-1)) * (d+(-2)) * (d+(-3)) * (d+(-4)) * (d+(-5)) / 720;
perm{6}{11} = [-1.00000000000000];
X{6}{1}{11} = [0.0];
X{6}{2}{11} = [0.0; 0.0; 0.0; 0.0];
X{6}{3}{11} = [0.0; 0.0; 0.0; 0.0; 0.0];
X{6}{4}{11} = [0.0; 0.0; 0.0; 0.0; 0.0; 0.0];
X{6}{5}{11} = [0.0; 0.0; 0.0; 0.0; 0.0];
X{6}{6}{11} = [0.0; 0.0; 0.0; 0.0];
X{6}{7}{11} = [1.0];

num_young_diagrams{7} = 15;

depth{7}{1} = 1;
dim{7}{1} = 1;
mult{7}{1} = (d+(0)) * (d+(1)) * (d+(2)) * (d+(3)) * (d+(4)) * (d+(5)) * (d+(6)) / 5040;
perm{7}{1} = [1.00000000000000];
X{7}{1}{1} = [1.0];
X{7}{2}{1} = [0.0; 0.0; 0.0; 0.0; 0.0];
X{7}{3}{1} = [0.0; 0.0; 0.0; 0.0; 0.0; 0.0; 0.0; 0.0; 0.0];
X{7}{4}{1} = [0.0; 0.0; 0.0; 0.0; 0.0; 0.0; 0.0; 0.0; 0.0; 0.0];
X{7}{5}{1} = [0.0; 0.0; 0.0; 0.0; 0.0];
X{7}{6}{1} = [0.0; 0.0; 0.0; 0.0; 0.0; 0.0; 0.0; 0.0; 0.0; 0.0; 0.0; 0.0; 0.0; 0.0; 0.0; 0.0];
X{7}{7}{1} = [0.0; 0.0; 0.0; 0.0; 0.0; 0.0; 0.0; 0.0; 0.0; 0.0];
X{7}{8}{1} = [0.0; 0.0; 0.0; 0.0; 0.0];
X{7}{9}{1} = [0.0; 0.0; 0.0; 0.0; 0.0; 0.0; 0.0; 0.0; 0.0];
X{7}{10}{1} = [0.0; 0.0; 0.0; 0.0; 0.0];
X{7}{11}{1} = [0.0];

depth{7}{2} = 2;
dim{7}{2} = 6;
mult{7}{2} = (d+(0)) * (d+(1)) * (d+(2)) * (d+(3)) * (d+(4)) * (d+(5)) * (d+(-1)) / 840;
perm{7}{2} = [-0.166666666666667, -0.197202659436654, -0.241522945769824, -0.311804782231162, -0.440958551844098, -0.763762615825973; 0.986013297183269, -0.0333333333333333, -0.0408248290463863, -0.0527046276694730, -0.0745355992499930, -0.129099444873581; 0.000000000000000, 0.979795897113271, -0.0500000000000000, -0.0645497224367903, -0.0912870929175277, -0.158113883008419; 0.000000000000000, 0.000000000000000, 0.968245836551854, -0.0833333333333333, -0.117851130197758, -0.204124145231931; 0.000000000000000, 0.000000000000000, 0.000000000000000, 0.942809041582063, -0.166666666666667, -0.288675134594813; 0.000000000000000, 0.000000000000000, 0.000000000000000, 0.000000000000000, 0.866025403784439, -0.500000000000000];
X{7}{1}{2} = [1.0, 0.0, 0.0, 0.0, 0.0, 0.0];
X{7}{2}{2} = [0.0, 1.0, 0.0, 0.0, 0.0, 0.0; 0.0, 0.0, 1.0, 0.0, 0.0, 0.0; 0.0, 0.0, 0.0, 1.0, 0.0, 0.0; 0.0, 0.0, 0.0, 0.0, 1.0, 0.0; 0.0, 0.0, 0.0, 0.0, 0.0, 1.0];
X{7}{3}{2} = [0.0, 0.0, 0.0, 0.0, 0.0, 0.0; 0.0, 0.0, 0.0, 0.0, 0.0, 0.0; 0.0, 0.0, 0.0, 0.0, 0.0, 0.0; 0.0, 0.0, 0.0, 0.0, 0.0, 0.0; 0.0, 0.0, 0.0, 0.0, 0.0, 0.0; 0.0, 0.0, 0.0, 0.0, 0.0, 0.0; 0.0, 0.0, 0.0, 0.0, 0.0, 0.0; 0.0, 0.0, 0.0, 0.0, 0.0, 0.0; 0.0, 0.0, 0.0, 0.0, 0.0, 0.0];
X{7}{4}{2} = [0.0, 0.0, 0.0, 0.0, 0.0, 0.0; 0.0, 0.0, 0.0, 0.0, 0.0, 0.0; 0.0, 0.0, 0.0, 0.0, 0.0, 0.0; 0.0, 0.0, 0.0, 0.0, 0.0, 0.0; 0.0, 0.0, 0.0, 0.0, 0.0, 0.0; 0.0, 0.0, 0.0, 0.0, 0.0, 0.0; 0.0, 0.0, 0.0, 0.0, 0.0, 0.0; 0.0, 0.0, 0.0, 0.0, 0.0, 0.0; 0.0, 0.0, 0.0, 0.0, 0.0, 0.0; 0.0, 0.0, 0.0, 0.0, 0.0, 0.0];
X{7}{5}{2} = [0.0, 0.0, 0.0, 0.0, 0.0, 0.0; 0.0, 0.0, 0.0, 0.0, 0.0, 0.0; 0.0, 0.0, 0.0, 0.0, 0.0, 0.0; 0.0, 0.0, 0.0, 0.0, 0.0, 0.0; 0.0, 0.0, 0.0, 0.0, 0.0, 0.0];
X{7}{6}{2} = [0.0, 0.0, 0.0, 0.0, 0.0, 0.0; 0.0, 0.0, 0.0, 0.0, 0.0, 0.0; 0.0, 0.0, 0.0, 0.0, 0.0, 0.0; 0.0, 0.0, 0.0, 0.0, 0.0, 0.0; 0.0, 0.0, 0.0, 0.0, 0.0, 0.0; 0.0, 0.0, 0.0, 0.0, 0.0, 0.0; 0.0, 0.0, 0.0, 0.0, 0.0, 0.0; 0.0, 0.0, 0.0, 0.0, 0.0, 0.0; 0.0, 0.0, 0.0, 0.0, 0.0, 0.0; 0.0, 0.0, 0.0, 0.0, 0.0, 0.0; 0.0, 0.0, 0.0, 0.0, 0.0, 0.0; 0.0, 0.0, 0.0, 0.0, 0.0, 0.0; 0.0, 0.0, 0.0, 0.0, 0.0, 0.0; 0.0, 0.0, 0.0, 0.0, 0.0, 0.0; 0.0, 0.0, 0.0, 0.0, 0.0, 0.0; 0.0, 0.0, 0.0, 0.0, 0.0, 0.0];
X{7}{7}{2} = [0.0, 0.0, 0.0, 0.0, 0.0, 0.0; 0.0, 0.0, 0.0, 0.0, 0.0, 0.0; 0.0, 0.0, 0.0, 0.0, 0.0, 0.0; 0.0, 0.0, 0.0, 0.0, 0.0, 0.0; 0.0, 0.0, 0.0, 0.0, 0.0, 0.0; 0.0, 0.0, 0.0, 0.0, 0.0, 0.0; 0.0, 0.0, 0.0, 0.0, 0.0, 0.0; 0.0, 0.0, 0.0, 0.0, 0.0, 0.0; 0.0, 0.0, 0.0, 0.0, 0.0, 0.0; 0.0, 0.0, 0.0, 0.0, 0.0, 0.0];
X{7}{8}{2} = [0.0, 0.0, 0.0, 0.0, 0.0, 0.0; 0.0, 0.0, 0.0, 0.0, 0.0, 0.0; 0.0, 0.0, 0.0, 0.0, 0.0, 0.0; 0.0, 0.0, 0.0, 0.0, 0.0, 0.0; 0.0, 0.0, 0.0, 0.0, 0.0, 0.0];
X{7}{9}{2} = [0.0, 0.0, 0.0, 0.0, 0.0, 0.0; 0.0, 0.0, 0.0, 0.0, 0.0, 0.0; 0.0, 0.0, 0.0, 0.0, 0.0, 0.0; 0.0, 0.0, 0.0, 0.0, 0.0, 0.0; 0.0, 0.0, 0.0, 0.0, 0.0, 0.0; 0.0, 0.0, 0.0, 0.0, 0.0, 0.0; 0.0, 0.0, 0.0, 0.0, 0.0, 0.0; 0.0, 0.0, 0.0, 0.0, 0.0, 0.0; 0.0, 0.0, 0.0, 0.0, 0.0, 0.0];
X{7}{10}{2} = [0.0, 0.0, 0.0, 0.0, 0.0, 0.0; 0.0, 0.0, 0.0, 0.0, 0.0, 0.0; 0.0, 0.0, 0.0, 0.0, 0.0, 0.0; 0.0, 0.0, 0.0, 0.0, 0.0, 0.0; 0.0, 0.0, 0.0, 0.0, 0.0, 0.0];
X{7}{11}{2} = [0.0, 0.0, 0.0, 0.0, 0.0, 0.0];

depth{7}{3} = 2;
dim{7}{3} = 14;
mult{7}{3} = (d+(0)) * (d+(1)) * (d+(2)) * (d+(3)) * (d+(4)) * (d+(-1)) * (d+(0)) / 360;
